First Crossing
2 2 6 7 1:9 2 13 7 1:11 5 11 5 5
3 3 3 3 4:4 4 5 5 2
Push Up
5 2 10 5 1:9 5 10 5 -1:8 3 8 3 -1:9 3 9 3 5
6 3 6 3 4:8 4 8 4 2
Wider Path
3 2 5 4 1:6 2 7 2 1:8 2 12 6 1:4 3 4 3 5
3 2 3 2 4:10 3 10 5 2
Bridge Building
1 1 10 7 1:14 4 14 4 5
2 2 2 2 4:6 4 6 4 2:8 6 8 6 2:9 2 9 2 2
Storage Location
1 1 2 4 1:4 4 7 5 1:4 1 4 2 1:4 7 4 8 1:5 8 7 8 1:8 8 9 8 6:8 4 8 4 5:7 7 7 7 1:5 6 6 6 1
1 4 1 4 4:2 1 2 1 2:4 2 4 2 2:4 4 4 4 2:6 8 7 8 2:7 7 7 7 2
Split Up
1 1 3 3 1:4 1 4 2 1:5 0 8 3 1:1 5 3 7 1:10 1 13 3 1:9 2 9 3 1:2 4 3 4 1:1 5 3 7 1:5 5 7 7 1:4 6 4 7 1:11 5 13 7 1:9 6 9 6 1:2 2 2 2 6:11 2 11 2 6:12 6 12 6 5
1 1 1 1 4:6 2 7 2 2:2 6 2 6 2:6 6 6 6 2
Join Together
1 1 7 7 1:2 4 7 4 -1:4 3 4 5 -1:6 2 6 2 6:2 2 2 2 5
1 1 1 1 4:2 6 2 6 2:4 6 4 6 2:6 6 6 6 2
Bridge Building ][
1 1 2 5 1:1 6 14 7 1:12 1 14 5 1:4 8 6 8 1:4 1 6 4 1:5 5 6 5 1:3 1 3 3 1:9 3 9 3 6:3 2 3 2 5
2 2 2 2 4:5 3 5 3 2:5 7 5 7 2:13 2 13 2 2:13 6 13 6 2
Small Canal
1 1 3 3 1:4 1 4 2 1:5 2 6 6 1:4 6 4 7 1:1 5 3 7 1:7 3 7 5 1:8 2 10 6 1:2 2 2 2 6:2 6 2 6 5
1 1 1 1 4:9 4 9 4 2
Y
1 1 3 3 1:2 2 4 4 1:3 3 7 5 1:6 2 8 4 1:7 1 9 3 1:4 6 6 8 1:2 2 2 2 6:8 2 8 2 6:5 7 5 7 6:5 6 5 6 5
1 1 1 1 4:4 4 6 4 2:5 3 5 5 2
O Brother, Where Art Thou?
1 1 7 7 1:4 4 4 4 -1:6 2 6 2 6:6 4 6 4 6:7 7 7 7 5:4 6 4 6 6:2 6 2 6 6
2 2 2 2 4:3 5 5 5 2:5 3 5 5 2
Press The Green Button
1 1 11 4 1:5 1 5 3 -1:7 2 7 4 -1:2 3 2 3 6:10 3 10 3 7:3 2 3 2 5
1 1 1 1 4
Gearing up for the Long Haul
1 1 10 6 1:5 1 6 5 -1:1 5 3 6 -1:8 5 10 6 -1:3 3 3 3 6:8 3 8 3 7:9 2 9 2 5
1 1 1 1 4
Long Haul
1 1 10 6 1:5 1 6 5 -1:1 5 3 6 -1:8 5 10 6 -1:3 3 3 3 7:8 3 8 3 5:12 6 13 7 6
1 1 1 1 4
Long Haul ][
1 1 3 7 1:4 2 4 3 1:4 5 4 6 1:6 5 8 7 1:12 1 8 2 1:2 2 2 2 5:2 6 2 6 7:12 2 12 2 7:13 1 13 1 6:8 2 8 2 6:10 4 10 4 6:12 6 12 6 6 
6 5 8 7 2:7 6 7 6 4 
Thanks for playing!
1 1 1 1 1:2 2 2 2 1:3 1 3 1 1:1 3 1 3 1:5 1 7 3 1:9 1 11 3 1:10 1 10 2 -1:1 5 1 6 1:2 6 2 7 1:3 5 3 6 1:5 5 7 5 1:6 6 6 6 1:5 7 7 7 1:9 5 11 7 1:10 6 10 7 -1:13 1 14 4 1:13 6 14 7 1 
6 2 6 2 4
